server.port=9010
token=24.54c6f5d650a687d3960e5dee9476b695.2592000.1712155697.282335-55126763
connectTimeout=60000
connectionRequestTimeout=60000
socketTimeout=60000